/*--------------------------------*- C++ -*----------------------------------*\
| =========                 |                                                 |
| \\      /  F ield         | OpenFOAM: The Open Source CFD Toolbox           |
|  \\    /   O peration     | Version:  1.4.1-dev                             |
|   \\  /    A nd           | Web:      http://www.openfoam.org               |
|    \\/     M anipulation  |                                                 |
\*---------------------------------------------------------------------------*/

FoamFile
{
    version 2.0;
    format ascii;

    root "/home/cliffoi/OpenFOAM/cliffoi-1.4.1-dev/applications/utilities/pythonFoam";
    case "cavity";
    instance "constant";
    local "polyMesh";

    class vectorField;
    object points;
}

// * * * * * * * * * * * * * * * * * * * * * * * * * * * * * * * * * * * * * //


72
(
(0 0 0)
(0.02 0 0)
(0.04 0 0)
(0.06 0 0)
(0.08 0 0)
(0.1 0 0)
(0 0.02 0)
(0.02 0.02 0)
(0.04 0.02 0)
(0.06 0.02 0)
(0.08 0.02 0)
(0.1 0.02 0)
(0 0.04 0)
(0.02 0.04 0)
(0.04 0.04 0)
(0.06 0.04 0)
(0.08 0.04 0)
(0.1 0.04 0)
(0 0.06 0)
(0.02 0.06 0)
(0.04 0.06 0)
(0.06 0.06 0)
(0.08 0.06 0)
(0.1 0.06 0)
(0 0.08 0)
(0.02 0.08 0)
(0.04 0.08 0)
(0.06 0.08 0)
(0.08 0.08 0)
(0.1 0.08 0)
(0 0.1 0)
(0.02 0.1 0)
(0.04 0.1 0)
(0.06 0.1 0)
(0.08 0.1 0)
(0.1 0.1 0)
(0 0 0.01)
(0.02 0 0.01)
(0.04 0 0.01)
(0.06 0 0.01)
(0.08 0 0.01)
(0.1 0 0.01)
(0 0.02 0.01)
(0.02 0.02 0.01)
(0.04 0.02 0.01)
(0.06 0.02 0.01)
(0.08 0.02 0.01)
(0.1 0.02 0.01)
(0 0.04 0.01)
(0.02 0.04 0.01)
(0.04 0.04 0.01)
(0.06 0.04 0.01)
(0.08 0.04 0.01)
(0.1 0.04 0.01)
(0 0.06 0.01)
(0.02 0.06 0.01)
(0.04 0.06 0.01)
(0.06 0.06 0.01)
(0.08 0.06 0.01)
(0.1 0.06 0.01)
(0 0.08 0.01)
(0.02 0.08 0.01)
(0.04 0.08 0.01)
(0.06 0.08 0.01)
(0.08 0.08 0.01)
(0.1 0.08 0.01)
(0 0.1 0.01)
(0.02 0.1 0.01)
(0.04 0.1 0.01)
(0.06 0.1 0.01)
(0.08 0.1 0.01)
(0.1 0.1 0.01)
)


// ************************************************************************* //
